Power=40*746;
P=4;
Vph=460/sqrt(3);
Vm=sqrt(2)*Vph;
f=50;
We=2*pi*50;
Rs=0.087;
Rr=0.187;
Lm=0.04;
Ls=0.0425;
Lr=0.043;
J=1.662;
B=0.01;

